Generation,Best,Avg
